Board:
0 0 0 6 3 9 8 1 5 
0 0 0 2 5 0 4 7 3 
0 0 0 7 4 1 9 6 2 
5 4 8 9 6 7 3 0 1 
6 2 0 3 1 4 5 8 7 
7 0 1 5 8 0 6 9 4 
1 9 3 8 2 5 0 4 6 
8 6 4 1 0 3 2 0 0 
2 5 0 4 9 6 1 3 0 
User Board:
0 0 0 0 0 0 0 0 0 
0 0 0 0 0 0 0 0 0 
0 0 0 0 0 0 0 0 0 
0 0 0 0 0 0 0 7 0 
0 0 0 0 0 0 0 0 0 
0 0 0 0 0 0 0 0 0 
0 0 0 0 0 0 0 0 0 
0 0 0 0 0 0 0 0 0 
0 0 0 0 0 0 0 0 0 
Merge Board:
0 0 0 6 3 9 8 1 5 
0 0 0 2 5 0 4 7 3 
0 0 0 7 4 1 9 6 2 
5 4 8 9 6 7 3 7 1 
6 2 0 3 1 4 5 8 7 
7 0 1 5 8 0 6 9 4 
1 9 3 8 2 5 0 4 6 
8 6 4 1 0 3 2 0 0 
2 5 0 4 9 6 1 3 0 
